

Maturity : 0.250000
Order : 1
Epsilon			Error		Majorants
-4.000000	7.978745e+00	1.382169e+01
-3.500000	6.211718e+00	1.382169e+01
-3.000000	4.641357e+00	1.382169e+01
-2.500000	3.278504e+00	1.382169e+01
-2.000000	2.134597e+00	1.382169e+01
-1.500000	1.221704e+00	1.382169e+01
-1.000000	5.525594e-01	1.382169e+01
-0.500000	1.405992e-01	1.382169e+01
0.000000	0.000000e+00	1.382169e+01
0.500000	1.457197e-01	1.382169e+01
1.000000	5.935410e-01	1.382169e+01
1.500000	1.360116e+00	1.382169e+01
2.000000	2.463016e+00	1.382169e+01
2.500000	3.920779e+00	1.382169e+01
3.000000	5.752966e+00	1.382169e+01
3.500000	7.980217e+00	1.382169e+01
4.000000	1.062431e+01	1.382169e+01


Maturity : 0.250000
Order : 2
Epsilon			Error		Majorants
-4.000000	1.181265e+00	1.977667e+00
-3.500000	8.014143e-01	1.977667e+00
-3.000000	5.111478e-01	1.977667e+00
-2.500000	2.996242e-01	1.977667e+00
-2.000000	1.554053e-01	1.977667e+00
-1.500000	6.642228e-02	1.977667e+00
-1.000000	1.994113e-02	1.977667e+00
-0.500000	2.525897e-03	1.977667e+00
0.000000	0.000000e+00	1.977667e+00
0.500000	2.594581e-03	1.977667e+00
1.000000	2.104039e-02	1.977667e+00
1.500000	7.198993e-02	1.977667e+00
2.000000	1.730136e-01	1.977667e+00
2.500000	3.426505e-01	1.977667e+00
3.000000	6.004613e-01	1.977667e+00
3.500000	9.670852e-01	1.977667e+00
4.000000	1.464299e+00	1.977667e+00


Maturity : 0.250000
Order : 3
Epsilon			Error		Majorants
-4.000000	1.293892e-01	2.122299e-01
-3.500000	7.662123e-02	2.122299e-01
-3.000000	4.178421e-02	2.122299e-01
-2.500000	2.035959e-02	2.122299e-01
-2.000000	8.426409e-03	2.122299e-01
-1.500000	2.694222e-03	2.122299e-01
-1.000000	5.378318e-04	2.122299e-01
-0.500000	3.397327e-05	2.122299e-01
0.000000	0.000000e+00	2.122299e-01
0.500000	3.471032e-05	2.122299e-01
1.000000	5.614221e-04	2.122299e-01
1.500000	2.873422e-03	2.122299e-01
2.000000	9.181921e-03	2.122299e-01
2.500000	2.266665e-02	2.122299e-01
3.000000	4.752925e-02	2.122299e-01
3.500000	8.904960e-02	2.122299e-01
4.000000	1.536452e-01	2.122299e-01


Maturity : 0.250000
Order : 4
Epsilon			Error		Majorants
-4.000000	1.126132e-02	1.822006e-02
-3.500000	5.825505e-03	1.822006e-02
-3.000000	2.718484e-03	1.822006e-02
-2.500000	1.101974e-03	1.822006e-02
-2.000000	3.642466e-04	1.822006e-02
-1.500000	8.719672e-05	1.822006e-02
-1.000000	1.158421e-05	1.822006e-02
-0.500000	3.652273e-07	1.822006e-02
0.000000	0.000000e+00	1.822006e-02
0.500000	3.718184e-07	1.822006e-02
1.000000	1.200610e-05	1.822006e-02
1.500000	9.200362e-05	1.822006e-02
2.000000	3.912647e-04	1.822006e-02
2.500000	1.205087e-03	1.822006e-02
3.000000	3.026553e-03	1.822006e-02
3.500000	6.602859e-03	1.822006e-02
4.000000	1.299475e-02	1.822006e-02


Maturity : 0.250000
Order : 5
Epsilon			Error		Majorants
-4.000000	8.136050e-04	1.303502e-03
-3.500000	3.678340e-04	1.303502e-03
-3.000000	1.469532e-04	1.303502e-03
-2.500000	4.958128e-05	1.303502e-03
-2.000000	1.309490e-05	1.303502e-03
-1.500000	2.348187e-06	1.303502e-03
-1.000000	2.077145e-07	1.303502e-03
-0.500000	3.270292e-09	1.303502e-03
0.000000	0.000000e+00	1.303502e-03
0.500000	3.320832e-09	1.303502e-03
1.000000	2.141821e-07	1.303502e-03
1.500000	2.458714e-06	1.303502e-03
2.000000	1.392315e-05	1.303502e-03
2.500000	5.353209e-05	1.303502e-03
3.000000	1.611159e-04	1.303502e-03
3.500000	4.095209e-04	1.303502e-03
4.000000	9.198244e-04	1.303502e-03


Maturity : 0.250000
Order : 6
Epsilon			Error		Majorants
-4.000000	5.026146e-05	7.993319e-05
-3.500000	1.986524e-05	7.993319e-05
-3.000000	6.796461e-06	7.993319e-05
-2.500000	1.909173e-06	7.993319e-05
-2.000000	4.030146e-07	7.993319e-05
-1.500000	5.415144e-08	7.993319e-05
-1.000000	3.190411e-09	7.993319e-05
-0.500000	2.509637e-11	7.993319e-05
0.000000	0.000000e+00	7.993319e-05
0.500000	2.544276e-11	7.993319e-05
1.000000	3.277176e-09	7.993319e-05
1.500000	5.637520e-08	7.993319e-05
2.000000	4.252322e-07	7.993319e-05
2.500000	2.041638e-06	7.993319e-05
3.000000	7.366238e-06	7.993319e-05
3.500000	2.182165e-05	7.993319e-05
4.000000	5.595791e-05	7.993319e-05


Maturity : 0.250000
Order : 7
Epsilon			Error		Majorants
-4.000000	2.712432e-06	4.288945e-06
-3.500000	9.373947e-07	4.288945e-06
-3.000000	2.747002e-07	4.288945e-06
-2.500000	6.425867e-08	4.288945e-06
-2.000000	1.084392e-08	4.288945e-06
-1.500000	1.092006e-09	4.288945e-06
-1.000000	4.285816e-11	4.288945e-06
-0.500000	1.634248e-13	4.288945e-06
0.000000	0.000000e+00	4.288945e-06
0.500000	1.829648e-13	4.288945e-06
1.000000	4.390621e-11	4.288945e-06
1.500000	1.131760e-09	4.288945e-06
2.000000	1.137369e-08	4.288945e-06
2.500000	6.820678e-08	4.288945e-06
3.000000	2.950776e-07	4.288945e-06
3.500000	1.019018e-06	4.288945e-06
4.000000	2.984022e-06	4.288945e-06


Maturity : 0.250000
Order : 8
Epsilon			Error		Majorants
-4.000000	1.299676e-07	2.045602e-07
-3.500000	3.927923e-08	2.045602e-07
-3.000000	9.860695e-09	2.045602e-07
-2.500000	1.921109e-09	2.045602e-07
-2.000000	2.592095e-10	2.045602e-07
-1.500000	1.955947e-11	2.045602e-07
-1.000000	5.133671e-13	2.045602e-07
-0.500000	6.217249e-15	2.045602e-07
0.000000	0.000000e+00	2.045602e-07
0.500000	1.332268e-14	2.045602e-07
1.000000	5.346834e-13	2.045602e-07
1.500000	2.019362e-11	2.045602e-07
2.000000	2.705640e-10	2.045602e-07
2.500000	2.027001e-09	2.045602e-07
3.000000	1.051662e-08	2.045602e-07
3.500000	4.234430e-08	2.045602e-07
4.000000	1.416224e-07	2.045602e-07


Maturity : 0.250000
Order : 9
Epsilon			Error		Majorants
-4.000000	5.600050e-09	8.780809e-09
-3.500000	1.480231e-09	8.780809e-09
-3.000000	3.183587e-10	8.780809e-09
-2.500000	5.166001e-11	8.780809e-09
-2.000000	5.570655e-12	8.780809e-09
-1.500000	3.215206e-13	8.780809e-09
-1.000000	3.552714e-15	8.780809e-09
-0.500000	5.329071e-15	8.780809e-09
0.000000	0.000000e+00	8.780809e-09
0.500000	1.243450e-14	8.780809e-09
1.000000	1.776357e-14	8.780809e-09
1.500000	3.126388e-13	8.780809e-09
2.000000	5.783818e-12	8.780809e-09
2.500000	5.423217e-11	8.780809e-09
3.000000	3.375646e-10	8.780809e-09
3.500000	1.584844e-09	8.780809e-09
4.000000	6.054769e-09	8.780809e-09


Maturity : 0.250000
Order : 10
Epsilon			Error		Majorants
-4.000000	2.192309e-10	3.426535e-10
-3.500000	5.067946e-11	3.426535e-10
-3.000000	9.347190e-12	3.426535e-10
-2.500000	1.264766e-12	3.426535e-10
-2.000000	1.136868e-13	3.426535e-10
-1.500000	1.776357e-15	3.426535e-10
-1.000000	1.776357e-15	3.426535e-10
-0.500000	5.329071e-15	3.426535e-10
0.000000	0.000000e+00	3.426535e-10
0.500000	1.243450e-14	3.426535e-10
1.000000	1.243450e-14	3.426535e-10
1.500000	7.105427e-15	3.426535e-10
2.000000	9.947598e-14	3.426535e-10
2.500000	1.307399e-12	3.426535e-10
3.000000	9.862333e-12	3.426535e-10
3.500000	5.393019e-11	3.426535e-10
4.000000	2.354881e-10	3.426535e-10


Maturity : 0.250000
Order : 11
Epsilon			Error		Majorants
-4.000000	7.851497e-12	1.225708e-11
-3.500000	1.595168e-12	1.225708e-11
-3.000000	2.451372e-13	1.225708e-11
-2.500000	2.486900e-14	1.225708e-11
-2.000000	3.552714e-15	1.225708e-11
-1.500000	7.105427e-15	1.225708e-11
-1.000000	1.776357e-15	1.225708e-11
-0.500000	5.329071e-15	1.225708e-11
0.000000	0.000000e+00	1.225708e-11
0.500000	1.243450e-14	1.225708e-11
1.000000	1.243450e-14	1.225708e-11
1.500000	1.065814e-14	1.225708e-11
2.000000	1.065814e-14	1.225708e-11
2.500000	1.776357e-14	1.225708e-11
3.000000	2.700062e-13	1.225708e-11
3.500000	1.655565e-12	1.225708e-11
4.000000	8.405721e-12	1.225708e-11


Maturity : 0.250000
Order : 12
Epsilon			Error		Majorants
-4.000000	2.700062e-13	4.047223e-13
-3.500000	4.263256e-14	4.047223e-13
-3.000000	1.065814e-14	4.047223e-13
-2.500000	3.552714e-15	4.047223e-13
-2.000000	7.105427e-15	4.047223e-13
-1.500000	7.105427e-15	4.047223e-13
-1.000000	1.776357e-15	4.047223e-13
-0.500000	5.329071e-15	4.047223e-13
0.000000	0.000000e+00	4.047223e-13
0.500000	1.243450e-14	4.047223e-13
1.000000	1.243450e-14	4.047223e-13
1.500000	1.065814e-14	4.047223e-13
2.000000	1.421085e-14	4.047223e-13
2.500000	1.065814e-14	4.047223e-13
3.000000	1.421085e-14	4.047223e-13
3.500000	2.131628e-14	4.047223e-13
4.000000	2.842171e-13	4.047223e-13


Maturity : 0.250000
Order : 13
Epsilon			Error		Majorants
-4.000000	0.000000e+00	1.240916e-14
-3.500000	3.552714e-15	1.240916e-14
-3.000000	3.552714e-15	1.240916e-14
-2.500000	3.552714e-15	1.240916e-14
-2.000000	7.105427e-15	1.240916e-14
-1.500000	7.105427e-15	1.240916e-14
-1.000000	1.776357e-15	1.240916e-14
-0.500000	5.329071e-15	1.240916e-14
0.000000	0.000000e+00	1.240916e-14
0.500000	1.243450e-14	1.240916e-14
1.000000	1.243450e-14	1.240916e-14
1.500000	1.065814e-14	1.240916e-14
2.000000	1.421085e-14	1.240916e-14
2.500000	1.065814e-14	1.240916e-14
3.000000	7.105427e-15	1.240916e-14
3.500000	2.842171e-14	1.240916e-14
4.000000	1.421085e-14	1.240916e-14

_______________________________________


Maturity : 0.250000
Order : 1
Epsilon			Error		Majorants
-3.000000	4.641357e+00	7.014834e+00
-2.500000	3.278504e+00	7.014834e+00
-2.000000	2.134597e+00	7.014834e+00
-1.500000	1.221704e+00	7.014834e+00
-1.000000	5.525594e-01	7.014834e+00
-0.500000	1.405992e-01	7.014834e+00
0.000000	0.000000e+00	7.014834e+00
0.500000	1.457197e-01	7.014834e+00
1.000000	5.935410e-01	7.014834e+00
1.500000	1.360116e+00	7.014834e+00
2.000000	2.463016e+00	7.014834e+00
2.500000	3.920779e+00	7.014834e+00
3.000000	5.752966e+00	7.014834e+00


Maturity : 0.250000
Order : 2
Epsilon			Error		Majorants
-3.000000	5.111478e-01	7.527845e-01
-2.500000	2.996242e-01	7.527845e-01
-2.000000	1.554053e-01	7.527845e-01
-1.500000	6.642228e-02	7.527845e-01
-1.000000	1.994113e-02	7.527845e-01
-0.500000	2.525897e-03	7.527845e-01
0.000000	0.000000e+00	7.527845e-01
0.500000	2.594581e-03	7.527845e-01
1.000000	2.104039e-02	7.527845e-01
1.500000	7.198993e-02	7.527845e-01
2.000000	1.730136e-01	7.527845e-01
2.500000	3.426505e-01	7.527845e-01
3.000000	6.004613e-01	7.527845e-01


Maturity : 0.250000
Order : 3
Epsilon			Error		Majorants
-3.000000	4.178421e-02	6.058781e-02
-2.500000	2.035959e-02	6.058781e-02
-2.000000	8.426409e-03	6.058781e-02
-1.500000	2.694222e-03	6.058781e-02
-1.000000	5.378318e-04	6.058781e-02
-0.500000	3.397327e-05	6.058781e-02
0.000000	0.000000e+00	6.058781e-02
0.500000	3.471032e-05	6.058781e-02
1.000000	5.614221e-04	6.058781e-02
1.500000	2.873422e-03	6.058781e-02
2.000000	9.181921e-03	6.058781e-02
2.500000	2.266665e-02	6.058781e-02
3.000000	4.752925e-02	6.058781e-02


Maturity : 0.250000
Order : 4
Epsilon			Error		Majorants
-3.000000	2.718484e-03	3.901125e-03
-2.500000	1.101974e-03	3.901125e-03
-2.000000	3.642466e-04	3.901125e-03
-1.500000	8.719672e-05	3.901125e-03
-1.000000	1.158421e-05	3.901125e-03
-0.500000	3.652273e-07	3.901125e-03
0.000000	0.000000e+00	3.901125e-03
0.500000	3.718184e-07	3.901125e-03
1.000000	1.200610e-05	3.901125e-03
1.500000	9.200362e-05	3.901125e-03
2.000000	3.912647e-04	3.901125e-03
2.500000	1.205087e-03	3.901125e-03
3.000000	3.026553e-03	3.901125e-03


Maturity : 0.250000
Order : 5
Epsilon			Error		Majorants
-3.000000	1.469532e-04	2.093212e-04
-2.500000	4.958128e-05	2.093212e-04
-2.000000	1.309490e-05	2.093212e-04
-1.500000	2.348187e-06	2.093212e-04
-1.000000	2.077145e-07	2.093212e-04
-0.500000	3.270292e-09	2.093212e-04
0.000000	0.000000e+00	2.093212e-04
0.500000	3.320832e-09	2.093212e-04
1.000000	2.141821e-07	2.093212e-04
1.500000	2.458714e-06	2.093212e-04
2.000000	1.392315e-05	2.093212e-04
2.500000	5.353209e-05	2.093212e-04
3.000000	1.611159e-04	2.093212e-04


Maturity : 0.250000
Order : 6
Epsilon			Error		Majorants
-3.000000	6.796461e-06	9.626971e-06
-2.500000	1.909173e-06	9.626971e-06
-2.000000	4.030146e-07	9.626971e-06
-1.500000	5.415144e-08	9.626971e-06
-1.000000	3.190411e-09	9.626971e-06
-0.500000	2.509637e-11	9.626971e-06
0.000000	0.000000e+00	9.626971e-06
0.500000	2.544276e-11	9.626971e-06
1.000000	3.277176e-09	9.626971e-06
1.500000	5.637520e-08	9.626971e-06
2.000000	4.252322e-07	9.626971e-06
2.500000	2.041638e-06	9.626971e-06
3.000000	7.366238e-06	9.626971e-06


Maturity : 0.250000
Order : 7
Epsilon			Error		Majorants
-3.000000	2.747002e-07	3.874130e-07
-2.500000	6.425867e-08	3.874130e-07
-2.000000	1.084392e-08	3.874130e-07
-1.500000	1.092006e-09	3.874130e-07
-1.000000	4.285816e-11	3.874130e-07
-0.500000	1.634248e-13	3.874130e-07
0.000000	0.000000e+00	3.874130e-07
0.500000	1.829648e-13	3.874130e-07
1.000000	4.390621e-11	3.874130e-07
1.500000	1.131760e-09	3.874130e-07
2.000000	1.137369e-08	3.874130e-07
2.500000	6.820678e-08	3.874130e-07
3.000000	2.950776e-07	3.874130e-07


Maturity : 0.250000
Order : 8
Epsilon			Error		Majorants
-3.000000	9.860695e-09	1.385818e-08
-2.500000	1.921109e-09	1.385818e-08
-2.000000	2.592095e-10	1.385818e-08
-1.500000	1.955947e-11	1.385818e-08
-1.000000	5.133671e-13	1.385818e-08
-0.500000	6.217249e-15	1.385818e-08
0.000000	0.000000e+00	1.385818e-08
0.500000	1.332268e-14	1.385818e-08
1.000000	5.346834e-13	1.385818e-08
1.500000	2.019362e-11	1.385818e-08
2.000000	2.705640e-10	1.385818e-08
2.500000	2.027001e-09	1.385818e-08
3.000000	1.051662e-08	1.385818e-08


Maturity : 0.250000
Order : 9
Epsilon			Error		Majorants
-3.000000	3.183587e-10	4.461499e-10
-2.500000	5.166001e-11	4.461499e-10
-2.000000	5.570655e-12	4.461499e-10
-1.500000	3.215206e-13	4.461499e-10
-1.000000	3.552714e-15	4.461499e-10
-0.500000	5.329071e-15	4.461499e-10
0.000000	0.000000e+00	4.461499e-10
0.500000	1.243450e-14	4.461499e-10
1.000000	1.776357e-14	4.461499e-10
1.500000	3.126388e-13	4.461499e-10
2.000000	5.783818e-12	4.461499e-10
2.500000	5.423217e-11	4.461499e-10
3.000000	3.375646e-10	4.461499e-10


Maturity : 0.250000
Order : 10
Epsilon			Error		Majorants
-3.000000	9.347190e-12	1.305758e-11
-2.500000	1.264766e-12	1.305758e-11
-2.000000	1.136868e-13	1.305758e-11
-1.500000	1.776357e-15	1.305758e-11
-1.000000	1.776357e-15	1.305758e-11
-0.500000	5.329071e-15	1.305758e-11
0.000000	0.000000e+00	1.305758e-11
0.500000	1.243450e-14	1.305758e-11
1.000000	1.243450e-14	1.305758e-11
1.500000	7.105427e-15	1.305758e-11
2.000000	9.947598e-14	1.305758e-11
2.500000	1.307399e-12	1.305758e-11
3.000000	9.862333e-12	1.305758e-11


Maturity : 0.250000
Order : 11
Epsilon			Error		Majorants
-3.000000	2.451372e-13	3.503128e-13
-2.500000	2.486900e-14	3.503128e-13
-2.000000	3.552714e-15	3.503128e-13
-1.500000	7.105427e-15	3.503128e-13
-1.000000	1.776357e-15	3.503128e-13
-0.500000	5.329071e-15	3.503128e-13
0.000000	0.000000e+00	3.503128e-13
0.500000	1.243450e-14	3.503128e-13
1.000000	1.243450e-14	3.503128e-13
1.500000	1.065814e-14	3.503128e-13
2.000000	1.065814e-14	3.503128e-13
2.500000	1.776357e-14	3.503128e-13
3.000000	2.700062e-13	3.503128e-13


Maturity : 0.250000
Order : 12
Epsilon			Error		Majorants
-3.000000	1.065814e-14	8.675355e-15
-2.500000	3.552714e-15	8.675355e-15
-2.000000	7.105427e-15	8.675355e-15
-1.500000	7.105427e-15	8.675355e-15
-1.000000	1.776357e-15	8.675355e-15
-0.500000	5.329071e-15	8.675355e-15
0.000000	0.000000e+00	8.675355e-15
0.500000	1.243450e-14	8.675355e-15
1.000000	1.243450e-14	8.675355e-15
1.500000	1.065814e-14	8.675355e-15
2.000000	1.421085e-14	8.675355e-15
2.500000	1.065814e-14	8.675355e-15
3.000000	1.421085e-14	8.675355e-15


Maturity : 0.250000
Order : 13
Epsilon			Error		Majorants
-3.000000	3.552714e-15	1.994958e-16
-2.500000	3.552714e-15	1.994958e-16
-2.000000	7.105427e-15	1.994958e-16
-1.500000	7.105427e-15	1.994958e-16
-1.000000	1.776357e-15	1.994958e-16
-0.500000	5.329071e-15	1.994958e-16
0.000000	0.000000e+00	1.994958e-16
0.500000	1.243450e-14	1.994958e-16
1.000000	1.243450e-14	1.994958e-16
1.500000	1.065814e-14	1.994958e-16
2.000000	1.421085e-14	1.994958e-16
2.500000	1.065814e-14	1.994958e-16
3.000000	7.105427e-15	1.994958e-16
