

Maturity : 0.083333
Order : 12
Epsilon				Sensibilité
-4.000000		-35.089480600378550
-3.500000		-31.492049345815744
-3.000000		-27.693412734527595
-2.500000		-23.682317293491383
-2.000000		-19.446880139726517
-1.500000		-14.974553777216048
-1.000000		-10.252088924909906
-0.500000		-5.265495265687739
0.000000		0.000000000000000
0.500000		5.559995918597614
1.000000		11.430963995668790
1.500000		17.630296992784132
2.000000		24.176360453632540
2.500000		31.088547112002725
3.000000		38.387334342818576
3.500000		46.094344826427474
4.000000		54.232410605859215


Maturity : 0.250000
Order : 12
Epsilon				Sensibilité
-4.000000		-33.549379419229062
-3.500000		-30.070670782470739
-3.000000		-26.408393593361069
-2.500000		-22.552861092550348
-2.000000		-18.493875358479908
-1.500000		-14.220700333778915
-1.000000		-9.722033428286556
-0.500000		-4.985975623589368
0.000000		0.000000000000000
0.500000		5.249081397269155
1.000000		10.775152440376663
1.500000		16.592829641831084
2.000000		22.717500815310988
2.500000		29.165365776584157
3.000000		35.953479192180332
3.500000		43.099795689152749
4.000000		50.623217345243951


Maturity : 0.416667
Order : 12
Epsilon				Sensibilité
-4.000000		-32.056398783377865
-3.500000		-28.696882986275611
-3.000000		-25.170093902837728
-2.500000		-21.467702847023972
-2.000000		-17.580966440091593
-1.500000		-13.500705962676083
-1.000000		-9.217285678793484
-0.500000		-4.720590080575567
0.000000		0.000000000000000
0.500000		4.955632468797710
1.000000		10.158010295852705
1.500000		15.619419152510645
2.000000		21.352756424645385
2.500000		27.371561670470669
3.000000		33.690048594873360
3.500000		40.323138615777253
4.000000		47.286496101806058


Maturity : 0.583333
Order : 12
Epsilon				Sensibilité
-4.000000		-30.611348376346516
-3.500000		-27.370929618650749
-3.000000		-23.978261613870451
-2.500000		-20.426191017030508
-2.000000		-16.707228387277990
-1.500000		-12.813532396607092
-1.000000		-8.736893296639698
-0.500000		-4.468715608602104
0.000000		0.000000000000000
0.500000		4.678675690220746
1.000000		9.577176318035407
1.500000		14.705830234111490
2.000000		20.075451060845371
2.500000		25.697360492580653
3.000000		31.583412167081960
3.500000		37.746016658596488
4.000000		44.198167645200336


Maturity : 0.750000
Order : 12
Epsilon				Sensibilité
-4.000000		-29.214718449255230
-3.500000		-26.092795516368195
-3.000000		-22.832448128395107
-2.500000		-19.427538616284611
-2.000000		-15.871657169900480
-1.500000		-12.158109771426005
-1.000000		-8.279905593741843
-0.500000		-4.229743840054372
0.000000		0.000000000000000
0.500000		4.417288503647862
1.000000		9.030437304689377
1.500000		13.848130747844952
2.000000		18.879438237207523
2.500000		24.133831309576895
3.000000		29.621201464816792
3.500000		35.351878786800903
4.000000		41.336651390001954


Maturity : 0.916667
Order : 12
Epsilon				Sensibilité
-4.000000		-27.866714579137948
-3.500000		-24.862238556878946
-3.000000		-21.732036067281509
-2.500000		-18.470845911896316
-2.000000		-15.073186730125904
-1.500000		-11.533347786234193
-1.000000		-7.845379370825566
-0.500000		-4.003082800660571
0.000000		0.000000000000000
0.500000		4.170597354034114
1.000000		8.515719140324943
1.500000		13.042668575862509
2.000000		17.759054490883738
2.500000		22.672804117682698
3.000000		27.792176414586525
3.500000		33.125775947491363
4.000000		38.682567352290626
