

Maturity : 0.250000
Order : 1
Epsilon		Approx variations		Variations			Error
-4.000000	-41.449679020138639	-34.076868698606049	7.372810e+00
-3.500000	-36.334405302543416	-30.598160061847608	5.736245e+00
-3.000000	-31.219131584948194	-26.935882872737920	4.283249e+00
-2.500000	-26.103857867352968	-23.080350371927182	3.023507e+00
-2.000000	-20.988584149757745	-19.021364637856749	1.967220e+00
-1.500000	-15.873310432162519	-14.748189613155759	1.125121e+00
-1.000000	-10.758036714567297	-10.249522707663388	5.085140e-01
-0.500000	-5.642762996972071	-5.513464902966220	1.292981e-01
0.000000	-0.527489279376847	-0.527489279376852	4.440892e-15
0.500000	4.587784438218377	4.721592117892314	1.338077e-01
1.000000	9.703058155813601	10.247663160999835	5.446050e-01
1.500000	14.818331873408827	16.065340362454236	1.247008e+00
2.000000	19.933605591004049	22.190011535934133	2.256406e+00
2.500000	25.048879308599272	28.637876497207316	3.588997e+00
3.000000	30.164153026194498	35.425989912803516	5.261837e+00
3.500000	35.279426743789728	42.572306409775933	7.292880e+00
4.000000	40.394700461384950	50.095728065867291	9.701028e+00


Maturity : 0.250000
Order : 2
Epsilon		Approx variations		Variations			Error
-4.000000	-33.032149387845372	-34.076868698606049	1.044719e+00
-3.500000	-29.889734177818891	-30.598160061847608	7.084259e-01
-3.000000	-26.484271166783234	-26.935882872737920	4.516117e-01
-2.500000	-22.815760354738412	-23.080350371927182	2.645900e-01
-2.000000	-18.884201741684429	-19.021364637856749	1.371629e-01
-1.500000	-14.689595327621280	-14.748189613155759	5.859429e-02
-1.000000	-10.231941112548967	-10.249522707663388	1.758160e-02
-0.500000	-5.511239096467489	-5.513464902966220	2.225806e-03
0.000000	-0.527489279376847	-0.527489279376852	4.440892e-15
0.500000	4.719308338722960	4.721592117892314	2.283779e-03
1.000000	10.229153757831931	10.247663160999835	1.850940e-02
1.500000	16.002046977950066	16.065340362454236	6.329338e-02
2.000000	22.037987999077366	22.190011535934133	1.520235e-01
2.500000	28.336976821213828	28.637876497207316	3.008997e-01
3.000000	34.899013444359461	35.425989912803516	5.269765e-01
3.500000	41.724097868514257	42.572306409775933	8.482085e-01
4.000000	48.812230093678217	50.095728065867291	1.283498e+00


Maturity : 0.250000
Order : 3
Epsilon		Approx variations		Variations			Error
-4.000000	-34.186450685982052	-34.076868698606049	1.095820e-01
-3.500000	-30.663025867781549	-30.598160061847608	6.486581e-02
-3.000000	-26.971242026934647	-26.935882872737920	3.535915e-02
-2.500000	-23.097572195103812	-23.080350371927182	1.722182e-02
-2.000000	-19.028489403951514	-19.021364637856749	7.124766e-03
-1.500000	-14.750466685140207	-14.748189613155759	2.277072e-03
-1.000000	-10.249977070332353	-10.249522707663388	4.543627e-04
-0.500000	-5.513493591190412	-5.513464902966220	2.868822e-05
0.000000	-0.527489279376847	-0.527489279376852	4.440892e-15
0.500000	4.721562833445883	4.721592117892314	2.928445e-05
1.000000	10.247189715615317	10.247663160999835	4.734454e-04
1.500000	16.062918335468993	16.065340362454236	2.422027e-03
2.000000	22.182275661344452	22.190011535934133	7.735875e-03
2.500000	28.618788661579227	28.637876497207316	1.908784e-02
3.000000	35.385984304510870	35.425989912803516	4.000561e-02
3.500000	42.497389558476911	42.572306409775933	7.491685e-02
4.000000	49.966531391814897	50.095728065867291	1.291967e-01


Maturity : 0.250000
Order : 4
Epsilon		Approx variations		Variations			Error
-4.000000	-34.067733121706873	-34.076868698606049	9.135577e-03
-3.500000	-30.593435811183721	-30.598160061847608	4.724251e-03
-3.000000	-26.933679047613204	-26.935882872737920	2.203825e-03
-2.500000	-23.079457332390923	-23.080350371927182	8.930395e-04
-2.000000	-19.021069556184315	-19.021364637856749	2.950817e-04
-1.500000	-14.748118998932615	-14.748189613155759	7.061422e-05
-1.000000	-10.249513329846902	-10.249522707663388	9.377816e-06
-0.500000	-5.513464607410071	-5.513464902966220	2.955561e-07
0.000000	-0.527489279376847	-0.527489279376852	4.440892e-15
0.500000	4.721591817226223	4.721592117892314	3.006661e-07
1.000000	10.247653456100767	10.247663160999835	9.704899e-06
1.500000	16.065266021676582	16.065340362454236	7.434078e-05
2.000000	22.189695509111651	22.190011535934133	3.160268e-04
2.500000	28.636903524292116	28.637876497207316	9.729729e-04
3.000000	35.423547283832313	35.425989912803516	2.442629e-03
3.500000	42.566979615074743	42.572306409775933	5.326795e-03
4.000000	50.085248956090076	50.095728065867291	1.047911e-02


Maturity : 0.250000
Order : 5
Epsilon		Approx variations		Variations			Error
-4.000000	-34.077501011660864	-34.076868698606049	6.323131e-04
-3.500000	-30.598445849222561	-30.598160061847608	2.857874e-04
-3.000000	-26.935997013686269	-26.935882872737920	1.141409e-04
-2.500000	-23.080388870968385	-23.080350371927182	3.849904e-05
-2.000000	-19.021374802745378	-19.021364637856749	1.016489e-05
-1.500000	-14.748191435372398	-14.748189613155759	1.822217e-06
-1.000000	-10.249522868801936	-10.249522707663388	1.611385e-07
-0.500000	-5.513464905502416	-5.513464902966220	2.536196e-09
0.000000	-0.527489279376847	-0.527489279376852	4.440892e-15
0.500000	4.721592115318567	4.721592117892314	2.573747e-09
1.000000	10.247662995055801	10.247663160999835	1.659440e-07
1.500000	16.065338458116365	16.065340362454236	1.904338e-06
2.000000	22.190000755672713	22.190011535934133	1.078026e-05
2.500000	28.637835062869577	28.637876497207316	4.143434e-05
3.000000	35.425865249905378	35.425989912803516	1.246629e-04
3.500000	42.571989653113583	42.572306409775933	3.167567e-04
4.000000	50.095016846044068	50.095728065867291	7.112198e-04


Maturity : 0.250000
Order : 6
Epsilon		Approx variations		Variations			Error
-4.000000	-34.076831273118415	-34.076868698606049	3.742549e-05
-3.500000	-30.598145273700020	-30.598160061847608	1.478815e-05
-3.000000	-26.935877814614628	-26.935882872737920	5.058123e-06
-2.500000	-23.080348951440470	-23.080350371927182	1.420487e-06
-2.000000	-19.021364338080652	-19.021364637856749	2.997761e-07
-1.500000	-14.748189572886904	-14.748189613155759	4.026885e-08
-1.000000	-10.249522705291550	-10.249522707663388	2.371838e-09
-0.500000	-5.513464902947566	-5.513464902966220	1.865352e-11
0.000000	-0.527489279376847	-0.527489279376852	4.440892e-15
0.500000	4.721592117873417	4.721592117892314	1.889688e-11
1.000000	10.247663158566187	10.247663160999835	2.433648e-09
1.500000	16.065340320601859	16.065340362454236	4.185238e-08
2.000000	22.190011220337439	22.190011535934133	3.155967e-07
2.500000	28.637874982397491	28.637876497207316	1.514810e-06
3.000000	35.425984448977019	35.425989912803516	5.463826e-06
3.500000	42.572290228636120	42.572306409775933	1.618114e-05
4.000000	50.095686584586517	50.095728065867291	4.148128e-05


Maturity : 0.250000
Order : 7
Epsilon		Approx variations		Variations			Error
-4.000000	-34.076870633838723	-34.076868698606049	1.935233e-06
-3.500000	-30.598160730493657	-30.598160061847608	6.686460e-07
-3.000000	-26.935883068636560	-26.935882872737920	1.958986e-07
-2.500000	-23.080350417741567	-23.080350371927182	4.581439e-08
-2.000000	-19.021364645586278	-19.021364637856749	7.729529e-09
-1.500000	-14.748189613933953	-14.748189613155759	7.781935e-10
-1.000000	-10.249522707693938	-10.249522707663388	3.054978e-11
-0.500000	-5.513464902966335	-5.513464902966220	1.154632e-13
0.000000	-0.527489279376847	-0.527489279376852	4.440892e-15
0.500000	4.721592117892186	4.721592117892314	1.278977e-13
1.000000	10.247663160968575	10.247663160999835	3.126033e-11
1.500000	16.065340361648904	16.065340362454236	8.053327e-10
2.000000	22.190011527843065	22.190011535934133	8.091067e-09
2.500000	28.637876448698588	28.637876497207316	4.850873e-08
3.000000	35.425989702998947	35.425989912803516	2.098046e-07
3.500000	42.572305685429754	42.572306409775933	7.243462e-07
4.000000	50.095725945306825	50.095728065867291	2.120560e-06


Maturity : 0.250000
Order : 8
Epsilon		Approx variations		Variations			Error
-4.000000	-34.076868609753312	-34.076868698606049	8.885274e-08
-3.500000	-30.598160034999861	-30.598160061847608	2.684775e-08
-3.000000	-26.935882865999467	-26.935882872737920	6.738453e-09
-2.500000	-23.080350370614656	-23.080350371927182	1.312525e-09
-2.000000	-19.021364637679696	-19.021364637856749	1.770530e-10
-1.500000	-14.748189613142401	-14.748189613155759	1.335820e-11
-1.000000	-10.249522707663054	-10.249522707663388	3.339551e-13
-0.500000	-5.513464902966215	-5.513464902966220	5.329071e-15
0.000000	-0.527489279376847	-0.527489279376852	4.440892e-15
0.500000	4.721592117892307	4.721592117892314	7.105427e-15
1.000000	10.247663160999458	10.247663160999835	3.765876e-13
1.500000	16.065340362440455	16.065340362454236	1.378098e-11
2.000000	22.190011535749647	22.190011535934133	1.844853e-10
2.500000	28.637876495825498	28.637876497207316	1.381817e-09
3.000000	35.425989905636037	35.425989912803516	7.167479e-09
3.500000	42.572306380923550	42.572306409775933	2.885238e-08
4.000000	50.095727969392236	50.095728065867291	9.647506e-08


Maturity : 0.250000
Order : 9
Epsilon		Approx variations		Variations			Error
-4.000000	-34.076868702274695	-34.076868698606049	3.668646e-09
-3.500000	-30.598160062817136	-30.598160061847608	9.695285e-10
-3.000000	-26.935882872946404	-26.935882872737920	2.084839e-10
-2.500000	-23.080350371961021	-23.080350371927182	3.383960e-11
-2.000000	-19.021364637860401	-19.021364637856749	3.652190e-12
-1.500000	-14.748189613155969	-14.748189613155759	2.096101e-13
-1.000000	-10.249522707663406	-10.249522707663388	1.776357e-14
-0.500000	-5.513464902966215	-5.513464902966220	4.440892e-15
0.000000	-0.527489279376847	-0.527489279376852	4.440892e-15
0.500000	4.721592117892308	4.721592117892314	6.217249e-15
1.000000	10.247663160999814	10.247663160999835	2.131628e-14
1.500000	16.065340362454023	16.065340362454236	2.131628e-13
2.000000	22.190011535930353	22.190011535934133	3.780087e-12
2.500000	28.637876497171863	28.637876497207316	3.545253e-11
3.000000	35.425989912582978	35.425989912803516	2.205383e-10
3.500000	42.572306408740822	42.572306409775933	1.035112e-09
4.000000	50.095728061913618	50.095728065867291	3.953673e-09


Maturity : 0.250000
Order : 10
Epsilon		Approx variations		Variations			Error
-4.000000	-34.076868698468438	-34.076868698606049	1.376108e-10
-3.500000	-30.598160061815804	-30.598160061847608	3.180389e-11
-3.000000	-26.935882872732062	-26.935882872737920	5.858425e-12
-2.500000	-23.080350371926404	-23.080350371927182	7.780443e-13
-2.000000	-19.021364637856685	-19.021364637856749	6.394885e-14
-1.500000	-14.748189613155759	-14.748189613155759	0.000000e+00
-1.000000	-10.249522707663402	-10.249522707663388	1.421085e-14
-0.500000	-5.513464902966215	-5.513464902966220	4.440892e-15
0.000000	-0.527489279376847	-0.527489279376852	4.440892e-15
0.500000	4.721592117892308	4.721592117892314	6.217249e-15
1.000000	10.247663160999817	10.247663160999835	1.776357e-14
1.500000	16.065340362454233	16.065340362454236	3.552714e-15
2.000000	22.190011535934069	22.190011535934133	6.394885e-14
2.500000	28.637876497206481	28.637876497207316	8.348877e-13
3.000000	35.425989912797320	35.425989912803516	6.195933e-12
3.500000	42.572306409742154	42.572306409775933	3.377920e-11
4.000000	50.095728065719875	50.095728065867291	1.474163e-10


Maturity : 0.250000
Order : 11
Epsilon		Approx variations		Variations			Error
-4.000000	-34.076868698610788	-34.076868698606049	4.739320e-12
-3.500000	-30.598160061848571	-30.598160061847608	9.627854e-13
-3.000000	-26.935882872738073	-26.935882872737920	1.527667e-13
-2.500000	-23.080350371927214	-23.080350371927182	3.197442e-14
-2.000000	-19.021364637856756	-19.021364637856749	7.105427e-15
-1.500000	-14.748189613155763	-14.748189613155759	3.552714e-15
-1.000000	-10.249522707663402	-10.249522707663388	1.421085e-14
-0.500000	-5.513464902966215	-5.513464902966220	4.440892e-15
0.000000	-0.527489279376847	-0.527489279376852	4.440892e-15
0.500000	4.721592117892308	4.721592117892314	6.217249e-15
1.000000	10.247663160999817	10.247663160999835	1.776357e-14
1.500000	16.065340362454236	16.065340362454236	0.000000e+00
2.000000	22.190011535934140	22.190011535934133	7.105427e-15
2.500000	28.637876497207291	28.637876497207316	2.486900e-14
3.000000	35.425989912803331	35.425989912803516	1.847411e-13
3.500000	42.572306409774924	42.572306409775933	1.008971e-12
4.000000	50.095728065862225	50.095728065867291	5.066170e-12


Maturity : 0.250000
Order : 12
Epsilon		Approx variations		Variations			Error
-4.000000	-34.076868698605907	-34.076868698606049	1.421085e-13
-3.500000	-30.598160061847587	-30.598160061847608	2.131628e-14
-3.000000	-26.935882872737917	-26.935882872737920	3.552714e-15
-2.500000	-23.080350371927196	-23.080350371927182	1.421085e-14
-2.000000	-19.021364637856756	-19.021364637856749	7.105427e-15
-1.500000	-14.748189613155763	-14.748189613155759	3.552714e-15
-1.000000	-10.249522707663402	-10.249522707663388	1.421085e-14
-0.500000	-5.513464902966215	-5.513464902966220	4.440892e-15
0.000000	-0.527489279376847	-0.527489279376852	4.440892e-15
0.500000	4.721592117892308	4.721592117892314	6.217249e-15
1.000000	10.247663160999817	10.247663160999835	1.776357e-14
1.500000	16.065340362454236	16.065340362454236	0.000000e+00
2.000000	22.190011535934140	22.190011535934133	7.105427e-15
2.500000	28.637876497207309	28.637876497207316	7.105427e-15
3.000000	35.425989912803487	35.425989912803516	2.842171e-14
3.500000	42.572306409775905	42.572306409775933	2.842171e-14
4.000000	50.095728065867107	50.095728065867291	1.847411e-13


Maturity : 0.250000
Order : 13
Epsilon		Approx variations		Variations			Error
-4.000000	-34.076868698606063	-34.076868698606049	1.421085e-14
-3.500000	-30.598160061847615	-30.598160061847608	7.105427e-15
-3.000000	-26.935882872737920	-26.935882872737920	0.000000e+00
-2.500000	-23.080350371927196	-23.080350371927182	1.421085e-14
-2.000000	-19.021364637856756	-19.021364637856749	7.105427e-15
-1.500000	-14.748189613155763	-14.748189613155759	3.552714e-15
-1.000000	-10.249522707663402	-10.249522707663388	1.421085e-14
-0.500000	-5.513464902966215	-5.513464902966220	4.440892e-15
0.000000	-0.527489279376847	-0.527489279376852	4.440892e-15
0.500000	4.721592117892308	4.721592117892314	6.217249e-15
1.000000	10.247663160999817	10.247663160999835	1.776357e-14
1.500000	16.065340362454236	16.065340362454236	0.000000e+00
2.000000	22.190011535934140	22.190011535934133	7.105427e-15
2.500000	28.637876497207309	28.637876497207316	7.105427e-15
3.000000	35.425989912803495	35.425989912803516	2.131628e-14
3.500000	42.572306409775933	42.572306409775933	0.000000e+00
4.000000	50.095728065867263	50.095728065867291	2.842171e-14
