

Maturity : 0.250000
Rho : 1.000000e+00
Order : 12
Epsilon		Approx variations		Variations			Error
-4.000000	-35.403636231633698	-35.274247060368396	1.293892e-01
-3.500000	-31.783040304102816	-31.706419071079324	7.662123e-02
-3.000000	-27.983708650227378	-27.941924438560534	4.178421e-02
-2.500000	-23.990282047079752	-23.969922458418353	2.035959e-02
-2.000000	-19.787401271732307	-19.778974862433273	8.426409e-03
-1.500000	-15.359707101257403	-15.357012879507877	2.694222e-03
-1.000000	-10.691840312727404	-10.691302480940763	5.378318e-04
-0.500000	-5.768441683214679	-5.768407709942309	3.397327e-05
0.000000	-0.574151989791588	-0.574151989791588	0.000000e+00
0.500000	4.906387990469502	4.906422700787544	3.471032e-05
1.000000	10.688537480496230	10.689098902594736	5.614221e-04
1.500000	16.787655703216227	16.790529125309874	2.873422e-03
2.000000	23.219101881557130	23.228283802119847	9.181921e-03
2.500000	29.998235238446576	30.020901887711204	2.266665e-02
3.000000	37.140414996812204	37.187944245337349	4.752925e-02
3.500000	44.661000379581644	44.750049976699842	8.904960e-02
4.000000	52.575350609682530	52.728995856858830	1.536452e-01


Maturity : 0.250000
Rho : 1.000000e-01
Order : 3
Epsilon		Approx variations		Variations			Error
-4.000000	-35.262985737093992	-35.274247060368396	1.126132e-02
-3.500000	-31.700593566458814	-31.706419071079324	5.825505e-03
-3.000000	-27.939205954689424	-27.941924438560534	2.718484e-03
-2.500000	-23.968820484802574	-23.969922458418353	1.101974e-03
-2.000000	-19.778610615823574	-19.778974862433273	3.642466e-04
-1.500000	-15.356925682786281	-15.357012879507877	8.719672e-05
-1.000000	-10.691290896733108	-10.691302480940763	1.158421e-05
-0.500000	-5.768407344715035	-5.768407709942309	3.652273e-07
0.000000	-0.574151989791588	-0.574151989791588	0.000000e+00
0.500000	4.906422328969146	4.906422700787544	3.718184e-07
1.000000	10.689086896490526	10.689098902594736	1.200610e-05
1.500000	16.790437121687351	16.790529125309874	9.200362e-05
2.000000	23.227892537465863	23.228283802119847	3.912647e-04
2.500000	30.019696800723754	30.020901887711204	1.205087e-03
3.000000	37.184917692350162	37.187944245337349	3.026553e-03
3.500000	44.743447117225649	44.750049976699842	6.602859e-03
4.000000	52.716001104222237	52.728995856858830	1.299475e-02


Maturity : 0.250000
Rho : 1.000000e-02
Order : 4
Epsilon		Approx variations		Variations			Error
-4.000000	-35.275060665363966	-35.274247060368396	8.136050e-04
-3.500000	-31.706786905064572	-31.706419071079324	3.678340e-04
-3.000000	-27.942071391769115	-27.941924438560534	1.469532e-04
-2.500000	-23.969972039698927	-23.969922458418353	4.958128e-05
-2.000000	-19.778987957332010	-19.778974862433273	1.309490e-05
-1.500000	-15.357015227695021	-15.357012879507877	2.348187e-06
-1.000000	-10.691302688655247	-10.691302480940763	2.077145e-07
-0.500000	-5.768407713212602	-5.768407709942309	3.270292e-09
0.000000	-0.574151989791588	-0.574151989791588	0.000000e+00
0.500000	4.906422697466713	4.906422700787544	3.320832e-09
1.000000	10.689098688412665	10.689098902594736	2.141821e-07
1.500000	16.790526666596090	16.790529125309874	2.458714e-06
2.000000	23.228269878974299	23.228283802119847	1.392315e-05
2.500000	30.020848355620107	30.020901887711204	5.353209e-05
3.000000	37.187783129429853	37.187944245337349	1.611159e-04
3.500000	44.749640455831404	44.750049976699842	4.095209e-04
4.000000	52.728076032492211	52.728995856858830	9.198244e-04


Maturity : 0.250000
Rho : 1.000000e-03
Order : 5
Epsilon		Approx variations		Variations			Error
-4.000000	-35.274196798910211	-35.274247060368396	5.026146e-05
-3.500000	-31.706399205844225	-31.706419071079324	1.986524e-05
-3.000000	-27.941917642099977	-27.941924438560534	6.796461e-06
-2.500000	-23.969920549245817	-23.969922458418353	1.909173e-06
-2.000000	-19.778974459418670	-19.778974862433273	4.030146e-07
-1.500000	-15.357012825356440	-15.357012879507877	5.415144e-08
-1.000000	-10.691302477750352	-10.691302480940763	3.190411e-09
-0.500000	-5.768407709917213	-5.768407709942309	2.509637e-11
0.000000	-0.574151989791588	-0.574151989791588	0.000000e+00
0.500000	4.906422700762102	4.906422700787544	2.544276e-11
1.000000	10.689098899317560	10.689098902594736	3.277176e-09
1.500000	16.790529068934671	16.790529125309874	5.637520e-08
2.000000	23.228283376887639	23.228283802119847	4.252322e-07
2.500000	30.020899846073217	30.020901887711204	2.041638e-06
3.000000	37.187936879098991	37.187944245337349	7.366238e-06
3.500000	44.750028155051751	44.750049976699842	2.182165e-05
4.000000	52.728939898945967	52.728995856858830	5.595791e-05


Maturity : 0.250000
Rho : 1.000000e-04
Order : 6
Epsilon		Approx variations		Variations			Error
-4.000000	-35.274196798910211	-35.274247060368396	5.026146e-05
-3.500000	-31.706399205844225	-31.706419071079324	1.986524e-05
-3.000000	-27.941917642099977	-27.941924438560534	6.796461e-06
-2.500000	-23.969920549245817	-23.969922458418353	1.909173e-06
-2.000000	-19.778974459418670	-19.778974862433273	4.030146e-07
-1.500000	-15.357012825356440	-15.357012879507877	5.415144e-08
-1.000000	-10.691302477750352	-10.691302480940763	3.190411e-09
-0.500000	-5.768407709917213	-5.768407709942309	2.509637e-11
0.000000	-0.574151989791588	-0.574151989791588	0.000000e+00
0.500000	4.906422700762102	4.906422700787544	2.544276e-11
1.000000	10.689098899317560	10.689098902594736	3.277176e-09
1.500000	16.790529068934671	16.790529125309874	5.637520e-08
2.000000	23.228283376887639	23.228283802119847	4.252322e-07
2.500000	30.020899846073217	30.020901887711204	2.041638e-06
3.000000	37.187936879098991	37.187944245337349	7.366238e-06
3.500000	44.750028155051751	44.750049976699842	2.182165e-05
4.000000	52.728939898945967	52.728995856858830	5.595791e-05


Maturity : 0.250000
Rho : 1.000000e-05
Order : 6
Epsilon		Approx variations		Variations			Error
-4.000000	-35.274249772800758	-35.274247060368396	2.712432e-06
-3.500000	-31.706420008474048	-31.706419071079324	9.373947e-07
-3.000000	-27.941924713260782	-27.941924438560534	2.747002e-07
-2.500000	-23.969922522677024	-23.969922458418353	6.425867e-08
-2.000000	-19.778974873277189	-19.778974862433273	1.084392e-08
-1.500000	-15.357012880599884	-15.357012879507877	1.092006e-09
-1.000000	-10.691302480983621	-10.691302480940763	4.285816e-11
-0.500000	-5.768407709942473	-5.768407709942309	1.634248e-13
0.000000	-0.574151989791588	-0.574151989791588	0.000000e+00
0.500000	4.906422700787362	4.906422700787544	1.829648e-13
1.000000	10.689098902550830	10.689098902594736	4.390621e-11
1.500000	16.790529124178114	16.790529125309874	1.131760e-09
2.000000	23.228283790746158	23.228283802119847	1.137369e-08
2.500000	30.020901819504424	30.020901887711204	6.820678e-08
3.000000	37.187943950259793	37.187944245337349	2.950776e-07
3.500000	44.750048957681578	44.750049976699842	1.019018e-06
4.000000	52.728992872836514	52.728995856858830	2.984022e-06


Maturity : 0.250000
Rho : 1.000000e-06
Order : 7
Epsilon		Approx variations		Variations			Error
-4.000000	-35.274246930400828	-35.274247060368396	1.299676e-07
-3.500000	-31.706419031800092	-31.706419071079324	3.927923e-08
-3.000000	-27.941924428699839	-27.941924438560534	9.860695e-09
-2.500000	-23.969922456497244	-23.969922458418353	1.921109e-09
-2.000000	-19.778974862174064	-19.778974862433273	2.592095e-10
-1.500000	-15.357012879488318	-15.357012879507877	1.955947e-11
-1.000000	-10.691302480940250	-10.691302480940763	5.133671e-13
-0.500000	-5.768407709942303	-5.768407709942309	6.217249e-15
0.000000	-0.574151989791588	-0.574151989791588	0.000000e+00
0.500000	4.906422700787531	4.906422700787544	1.332268e-14
1.000000	10.689098902594202	10.689098902594736	5.346834e-13
1.500000	16.790529125289680	16.790529125309874	2.019362e-11
2.000000	23.228283801849283	23.228283802119847	2.705640e-10
2.500000	30.020901885684204	30.020901887711204	2.027001e-09
3.000000	37.187944234820733	37.187944245337349	1.051662e-08
3.500000	44.750049934355538	44.750049976699842	4.234430e-08
4.000000	52.728995715236444	52.728995856858830	1.416224e-07


Maturity : 0.250000
Rho : 1.000000e-07
Order : 8
Epsilon		Approx variations		Variations			Error
-4.000000	-35.274247065968446	-35.274247060368396	5.600050e-09
-3.500000	-31.706419072559555	-31.706419071079324	1.480231e-09
-3.000000	-27.941924438878893	-27.941924438560534	3.183587e-10
-2.500000	-23.969922458470013	-23.969922458418353	5.166001e-11
-2.000000	-19.778974862438844	-19.778974862433273	5.570655e-12
-1.500000	-15.357012879508199	-15.357012879507877	3.215206e-13
-1.000000	-10.691302480940767	-10.691302480940763	3.552714e-15
-0.500000	-5.768407709942304	-5.768407709942309	5.329071e-15
0.000000	-0.574151989791588	-0.574151989791588	0.000000e+00
0.500000	4.906422700787532	4.906422700787544	1.243450e-14
1.000000	10.689098902594719	10.689098902594736	1.776357e-14
1.500000	16.790529125309561	16.790529125309874	3.126388e-13
2.000000	23.228283802114063	23.228283802119847	5.783818e-12
2.500000	30.020901887656972	30.020901887711204	5.423217e-11
3.000000	37.187944244999784	37.187944245337349	3.375646e-10
3.500000	44.750049975114997	44.750049976699842	1.584844e-09
4.000000	52.728995850804061	52.728995856858830	6.054769e-09


Maturity : 0.250000
Rho : 1.000000e-08
Order : 9
Epsilon		Approx variations		Variations			Error
-4.000000	-35.274247065968446	-35.274247060368396	5.600050e-09
-3.500000	-31.706419072559555	-31.706419071079324	1.480231e-09
-3.000000	-27.941924438878893	-27.941924438560534	3.183587e-10
-2.500000	-23.969922458470013	-23.969922458418353	5.166001e-11
-2.000000	-19.778974862438844	-19.778974862433273	5.570655e-12
-1.500000	-15.357012879508199	-15.357012879507877	3.215206e-13
-1.000000	-10.691302480940767	-10.691302480940763	3.552714e-15
-0.500000	-5.768407709942304	-5.768407709942309	5.329071e-15
0.000000	-0.574151989791588	-0.574151989791588	0.000000e+00
0.500000	4.906422700787532	4.906422700787544	1.243450e-14
1.000000	10.689098902594719	10.689098902594736	1.776357e-14
1.500000	16.790529125309561	16.790529125309874	3.126388e-13
2.000000	23.228283802114063	23.228283802119847	5.783818e-12
2.500000	30.020901887656972	30.020901887711204	5.423217e-11
3.000000	37.187944244999784	37.187944245337349	3.375646e-10
3.500000	44.750049975114997	44.750049976699842	1.584844e-09
4.000000	52.728995850804061	52.728995856858830	6.054769e-09


Maturity : 0.250000
Rho : 1.000000e-09
Order : 9
Epsilon		Approx variations		Variations			Error
-4.000000	-35.274247060149165	-35.274247060368396	2.192309e-10
-3.500000	-31.706419071028645	-31.706419071079324	5.067946e-11
-3.000000	-27.941924438551187	-27.941924438560534	9.347190e-12
-2.500000	-23.969922458417088	-23.969922458418353	1.264766e-12
-2.000000	-19.778974862433159	-19.778974862433273	1.136868e-13
-1.500000	-15.357012879507879	-15.357012879507877	1.776357e-15
-1.000000	-10.691302480940761	-10.691302480940763	1.776357e-15
-0.500000	-5.768407709942304	-5.768407709942309	5.329071e-15
0.000000	-0.574151989791588	-0.574151989791588	0.000000e+00
0.500000	4.906422700787532	4.906422700787544	1.243450e-14
1.000000	10.689098902594724	10.689098902594736	1.243450e-14
1.500000	16.790529125309881	16.790529125309874	7.105427e-15
2.000000	23.228283802119748	23.228283802119847	9.947598e-14
2.500000	30.020901887709897	30.020901887711204	1.307399e-12
3.000000	37.187944245327486	37.187944245337349	9.862333e-12
3.500000	44.750049976645911	44.750049976699842	5.393019e-11
4.000000	52.728995856623342	52.728995856858830	2.354881e-10


Maturity : 0.250000
Rho : 1.000000e-10
Order : 10
Epsilon		Approx variations		Variations			Error
-4.000000	-35.274247060376247	-35.274247060368396	7.851497e-12
-3.500000	-31.706419071080919	-31.706419071079324	1.595168e-12
-3.000000	-27.941924438560779	-27.941924438560534	2.451372e-13
-2.500000	-23.969922458418377	-23.969922458418353	2.486900e-14
-2.000000	-19.778974862433270	-19.778974862433273	3.552714e-15
-1.500000	-15.357012879507884	-15.357012879507877	7.105427e-15
-1.000000	-10.691302480940761	-10.691302480940763	1.776357e-15
-0.500000	-5.768407709942304	-5.768407709942309	5.329071e-15
0.000000	-0.574151989791588	-0.574151989791588	0.000000e+00
0.500000	4.906422700787532	4.906422700787544	1.243450e-14
1.000000	10.689098902594724	10.689098902594736	1.243450e-14
1.500000	16.790529125309885	16.790529125309874	1.065814e-14
2.000000	23.228283802119858	23.228283802119847	1.065814e-14
2.500000	30.020901887711187	30.020901887711204	1.776357e-14
3.000000	37.187944245337079	37.187944245337349	2.700062e-13
3.500000	44.750049976698186	44.750049976699842	1.655565e-12
4.000000	52.728995856850425	52.728995856858830	8.405721e-12


Maturity : 0.250000
Rho : 1.000000e-11
Order : 11
Epsilon		Approx variations		Variations			Error
-4.000000	-35.274247060368126	-35.274247060368396	2.700062e-13
-3.500000	-31.706419071079281	-31.706419071079324	4.263256e-14
-3.000000	-27.941924438560523	-27.941924438560534	1.065814e-14
-2.500000	-23.969922458418349	-23.969922458418353	3.552714e-15
-2.000000	-19.778974862433266	-19.778974862433273	7.105427e-15
-1.500000	-15.357012879507884	-15.357012879507877	7.105427e-15
-1.000000	-10.691302480940761	-10.691302480940763	1.776357e-15
-0.500000	-5.768407709942304	-5.768407709942309	5.329071e-15
0.000000	-0.574151989791588	-0.574151989791588	0.000000e+00
0.500000	4.906422700787532	4.906422700787544	1.243450e-14
1.000000	10.689098902594724	10.689098902594736	1.243450e-14
1.500000	16.790529125309885	16.790529125309874	1.065814e-14
2.000000	23.228283802119861	23.228283802119847	1.421085e-14
2.500000	30.020901887711215	30.020901887711204	1.065814e-14
3.000000	37.187944245337334	37.187944245337349	1.421085e-14
3.500000	44.750049976699820	44.750049976699842	2.131628e-14
4.000000	52.728995856858546	52.728995856858830	2.842171e-13


Maturity : 0.250000
Rho : 1.000000e-12
Order : 12
Epsilon		Approx variations		Variations			Error
-4.000000	-35.274247060368126	-35.274247060368396	2.700062e-13
-3.500000	-31.706419071079281	-31.706419071079324	4.263256e-14
-3.000000	-27.941924438560523	-27.941924438560534	1.065814e-14
-2.500000	-23.969922458418349	-23.969922458418353	3.552714e-15
-2.000000	-19.778974862433266	-19.778974862433273	7.105427e-15
-1.500000	-15.357012879507884	-15.357012879507877	7.105427e-15
-1.000000	-10.691302480940761	-10.691302480940763	1.776357e-15
-0.500000	-5.768407709942304	-5.768407709942309	5.329071e-15
0.000000	-0.574151989791588	-0.574151989791588	0.000000e+00
0.500000	4.906422700787532	4.906422700787544	1.243450e-14
1.000000	10.689098902594724	10.689098902594736	1.243450e-14
1.500000	16.790529125309885	16.790529125309874	1.065814e-14
2.000000	23.228283802119861	23.228283802119847	1.421085e-14
2.500000	30.020901887711215	30.020901887711204	1.065814e-14
3.000000	37.187944245337334	37.187944245337349	1.421085e-14
3.500000	44.750049976699820	44.750049976699842	2.131628e-14
4.000000	52.728995856858546	52.728995856858830	2.842171e-13


Maturity : 0.250000
Rho : 1.000000e-13
Order : 12
Epsilon		Approx variations		Variations			Error
-4.000000	-35.274247060368396	-35.274247060368396	0.000000e+00
-3.500000	-31.706419071079328	-31.706419071079324	3.552714e-15
-3.000000	-27.941924438560530	-27.941924438560534	3.552714e-15
-2.500000	-23.969922458418349	-23.969922458418353	3.552714e-15
-2.000000	-19.778974862433266	-19.778974862433273	7.105427e-15
-1.500000	-15.357012879507884	-15.357012879507877	7.105427e-15
-1.000000	-10.691302480940761	-10.691302480940763	1.776357e-15
-0.500000	-5.768407709942304	-5.768407709942309	5.329071e-15
0.000000	-0.574151989791588	-0.574151989791588	0.000000e+00
0.500000	4.906422700787532	4.906422700787544	1.243450e-14
1.000000	10.689098902594724	10.689098902594736	1.243450e-14
1.500000	16.790529125309885	16.790529125309874	1.065814e-14
2.000000	23.228283802119861	23.228283802119847	1.421085e-14
2.500000	30.020901887711215	30.020901887711204	1.065814e-14
3.000000	37.187944245337341	37.187944245337349	7.105427e-15
3.500000	44.750049976699870	44.750049976699842	2.842171e-14
4.000000	52.728995856858816	52.728995856858830	1.421085e-14


Maturity : 0.250000
Rho : 1.000000e-14
Order : 13
Epsilon		Approx variations		Variations			Error
-4.000000	-35.274247060368388	-35.274247060368396	7.105427e-15
-3.500000	-31.706419071079328	-31.706419071079324	3.552714e-15
-3.000000	-27.941924438560530	-27.941924438560534	3.552714e-15
-2.500000	-23.969922458418349	-23.969922458418353	3.552714e-15
-2.000000	-19.778974862433266	-19.778974862433273	7.105427e-15
-1.500000	-15.357012879507884	-15.357012879507877	7.105427e-15
-1.000000	-10.691302480940761	-10.691302480940763	1.776357e-15
-0.500000	-5.768407709942304	-5.768407709942309	5.329071e-15
0.000000	-0.574151989791588	-0.574151989791588	0.000000e+00
0.500000	4.906422700787532	4.906422700787544	1.243450e-14
1.000000	10.689098902594724	10.689098902594736	1.243450e-14
1.500000	16.790529125309885	16.790529125309874	1.065814e-14
2.000000	23.228283802119861	23.228283802119847	1.421085e-14
2.500000	30.020901887711215	30.020901887711204	1.065814e-14
3.000000	37.187944245337341	37.187944245337349	7.105427e-15
3.500000	44.750049976699870	44.750049976699842	2.842171e-14
4.000000	52.728995856858823	52.728995856858830	7.105427e-15

_______________________________________


Maturity : 0.250000
Rho : 1.000000e+00
Order : 14
Epsilon		Approx variations		Variations			Error
-3.000000	-27.430776624832497	-27.941924438560534	5.111478e-01
-2.500000	-23.670298236087344	-23.969922458418353	2.996242e-01
-2.000000	-19.623569560504194	-19.778974862433273	1.554053e-01
-1.500000	-15.290590598083043	-15.357012879507877	6.642228e-02
-1.000000	-10.671361348823890	-10.691302480940763	1.994113e-02
-0.500000	-5.765881812726739	-5.768407709942309	2.525897e-03
0.000000	-0.574151989791588	-0.574151989791588	0.000000e+00
0.500000	4.903828119981563	4.906422700787544	2.594581e-03
1.000000	10.668058516592716	10.689098902594736	2.104039e-02
1.500000	16.718539200041867	16.790529125309874	7.198993e-02
2.000000	23.055270170329017	23.228283802119847	1.730136e-01
2.500000	29.678251427454168	30.020901887711204	3.426505e-01
3.000000	36.587482971417323	37.187944245337349	6.004613e-01


Maturity : 0.250000
Rho : 1.000000e-01
Order : 2
Epsilon		Approx variations		Variations			Error
-3.000000	-27.983708650227378	-27.941924438560534	4.178421e-02
-2.500000	-23.990282047079752	-23.969922458418353	2.035959e-02
-2.000000	-19.787401271732307	-19.778974862433273	8.426409e-03
-1.500000	-15.359707101257403	-15.357012879507877	2.694222e-03
-1.000000	-10.691840312727404	-10.691302480940763	5.378318e-04
-0.500000	-5.768441683214679	-5.768407709942309	3.397327e-05
0.000000	-0.574151989791588	-0.574151989791588	0.000000e+00
0.500000	4.906387990469502	4.906422700787544	3.471032e-05
1.000000	10.688537480496230	10.689098902594736	5.614221e-04
1.500000	16.787655703216227	16.790529125309874	2.873422e-03
2.000000	23.219101881557130	23.228283802119847	9.181921e-03
2.500000	29.998235238446576	30.020901887711204	2.266665e-02
3.000000	37.140414996812204	37.187944245337349	4.752925e-02


Maturity : 0.250000
Rho : 1.000000e-02
Order : 3
Epsilon		Approx variations		Variations			Error
-3.000000	-27.939205954689424	-27.941924438560534	2.718484e-03
-2.500000	-23.968820484802574	-23.969922458418353	1.101974e-03
-2.000000	-19.778610615823574	-19.778974862433273	3.642466e-04
-1.500000	-15.356925682786281	-15.357012879507877	8.719672e-05
-1.000000	-10.691290896733108	-10.691302480940763	1.158421e-05
-0.500000	-5.768407344715035	-5.768407709942309	3.652273e-07
0.000000	-0.574151989791588	-0.574151989791588	0.000000e+00
0.500000	4.906422328969146	4.906422700787544	3.718184e-07
1.000000	10.689086896490526	10.689098902594736	1.200610e-05
1.500000	16.790437121687351	16.790529125309874	9.200362e-05
2.000000	23.227892537465863	23.228283802119847	3.912647e-04
2.500000	30.019696800723754	30.020901887711204	1.205087e-03
3.000000	37.184917692350162	37.187944245337349	3.026553e-03


Maturity : 0.250000
Rho : 1.000000e-03
Order : 4
Epsilon		Approx variations		Variations			Error
-3.000000	-27.942071391769115	-27.941924438560534	1.469532e-04
-2.500000	-23.969972039698927	-23.969922458418353	4.958128e-05
-2.000000	-19.778987957332010	-19.778974862433273	1.309490e-05
-1.500000	-15.357015227695021	-15.357012879507877	2.348187e-06
-1.000000	-10.691302688655247	-10.691302480940763	2.077145e-07
-0.500000	-5.768407713212602	-5.768407709942309	3.270292e-09
0.000000	-0.574151989791588	-0.574151989791588	0.000000e+00
0.500000	4.906422697466713	4.906422700787544	3.320832e-09
1.000000	10.689098688412665	10.689098902594736	2.141821e-07
1.500000	16.790526666596090	16.790529125309874	2.458714e-06
2.000000	23.228269878974299	23.228283802119847	1.392315e-05
2.500000	30.020848355620107	30.020901887711204	5.353209e-05
3.000000	37.187783129429853	37.187944245337349	1.611159e-04


Maturity : 0.250000
Rho : 1.000000e-04
Order : 5
Epsilon		Approx variations		Variations			Error
-3.000000	-27.941917642099977	-27.941924438560534	6.796461e-06
-2.500000	-23.969920549245817	-23.969922458418353	1.909173e-06
-2.000000	-19.778974459418670	-19.778974862433273	4.030146e-07
-1.500000	-15.357012825356440	-15.357012879507877	5.415144e-08
-1.000000	-10.691302477750352	-10.691302480940763	3.190411e-09
-0.500000	-5.768407709917213	-5.768407709942309	2.509637e-11
0.000000	-0.574151989791588	-0.574151989791588	0.000000e+00
0.500000	4.906422700762102	4.906422700787544	2.544276e-11
1.000000	10.689098899317560	10.689098902594736	3.277176e-09
1.500000	16.790529068934671	16.790529125309874	5.637520e-08
2.000000	23.228283376887639	23.228283802119847	4.252322e-07
2.500000	30.020899846073217	30.020901887711204	2.041638e-06
3.000000	37.187936879098991	37.187944245337349	7.366238e-06


Maturity : 0.250000
Rho : 1.000000e-05
Order : 6
Epsilon		Approx variations		Variations			Error
-3.000000	-27.941917642099977	-27.941924438560534	6.796461e-06
-2.500000	-23.969920549245817	-23.969922458418353	1.909173e-06
-2.000000	-19.778974459418670	-19.778974862433273	4.030146e-07
-1.500000	-15.357012825356440	-15.357012879507877	5.415144e-08
-1.000000	-10.691302477750352	-10.691302480940763	3.190411e-09
-0.500000	-5.768407709917213	-5.768407709942309	2.509637e-11
0.000000	-0.574151989791588	-0.574151989791588	0.000000e+00
0.500000	4.906422700762102	4.906422700787544	2.544276e-11
1.000000	10.689098899317560	10.689098902594736	3.277176e-09
1.500000	16.790529068934671	16.790529125309874	5.637520e-08
2.000000	23.228283376887639	23.228283802119847	4.252322e-07
2.500000	30.020899846073217	30.020901887711204	2.041638e-06
3.000000	37.187936879098991	37.187944245337349	7.366238e-06


Maturity : 0.250000
Rho : 1.000000e-06
Order : 6
Epsilon		Approx variations		Variations			Error
-3.000000	-27.941924713260782	-27.941924438560534	2.747002e-07
-2.500000	-23.969922522677024	-23.969922458418353	6.425867e-08
-2.000000	-19.778974873277189	-19.778974862433273	1.084392e-08
-1.500000	-15.357012880599884	-15.357012879507877	1.092006e-09
-1.000000	-10.691302480983621	-10.691302480940763	4.285816e-11
-0.500000	-5.768407709942473	-5.768407709942309	1.634248e-13
0.000000	-0.574151989791588	-0.574151989791588	0.000000e+00
0.500000	4.906422700787362	4.906422700787544	1.829648e-13
1.000000	10.689098902550830	10.689098902594736	4.390621e-11
1.500000	16.790529124178114	16.790529125309874	1.131760e-09
2.000000	23.228283790746158	23.228283802119847	1.137369e-08
2.500000	30.020901819504424	30.020901887711204	6.820678e-08
3.000000	37.187943950259793	37.187944245337349	2.950776e-07


Maturity : 0.250000
Rho : 1.000000e-07
Order : 7
Epsilon		Approx variations		Variations			Error
-3.000000	-27.941924428699839	-27.941924438560534	9.860695e-09
-2.500000	-23.969922456497244	-23.969922458418353	1.921109e-09
-2.000000	-19.778974862174064	-19.778974862433273	2.592095e-10
-1.500000	-15.357012879488318	-15.357012879507877	1.955947e-11
-1.000000	-10.691302480940250	-10.691302480940763	5.133671e-13
-0.500000	-5.768407709942303	-5.768407709942309	6.217249e-15
0.000000	-0.574151989791588	-0.574151989791588	0.000000e+00
0.500000	4.906422700787531	4.906422700787544	1.332268e-14
1.000000	10.689098902594202	10.689098902594736	5.346834e-13
1.500000	16.790529125289680	16.790529125309874	2.019362e-11
2.000000	23.228283801849283	23.228283802119847	2.705640e-10
2.500000	30.020901885684204	30.020901887711204	2.027001e-09
3.000000	37.187944234820733	37.187944245337349	1.051662e-08


Maturity : 0.250000
Rho : 1.000000e-08
Order : 8
Epsilon		Approx variations		Variations			Error
-3.000000	-27.941924438878893	-27.941924438560534	3.183587e-10
-2.500000	-23.969922458470013	-23.969922458418353	5.166001e-11
-2.000000	-19.778974862438844	-19.778974862433273	5.570655e-12
-1.500000	-15.357012879508199	-15.357012879507877	3.215206e-13
-1.000000	-10.691302480940767	-10.691302480940763	3.552714e-15
-0.500000	-5.768407709942304	-5.768407709942309	5.329071e-15
0.000000	-0.574151989791588	-0.574151989791588	0.000000e+00
0.500000	4.906422700787532	4.906422700787544	1.243450e-14
1.000000	10.689098902594719	10.689098902594736	1.776357e-14
1.500000	16.790529125309561	16.790529125309874	3.126388e-13
2.000000	23.228283802114063	23.228283802119847	5.783818e-12
2.500000	30.020901887656972	30.020901887711204	5.423217e-11
3.000000	37.187944244999784	37.187944245337349	3.375646e-10


Maturity : 0.250000
Rho : 1.000000e-09
Order : 9
Epsilon		Approx variations		Variations			Error
-3.000000	-27.941924438878893	-27.941924438560534	3.183587e-10
-2.500000	-23.969922458470013	-23.969922458418353	5.166001e-11
-2.000000	-19.778974862438844	-19.778974862433273	5.570655e-12
-1.500000	-15.357012879508199	-15.357012879507877	3.215206e-13
-1.000000	-10.691302480940767	-10.691302480940763	3.552714e-15
-0.500000	-5.768407709942304	-5.768407709942309	5.329071e-15
0.000000	-0.574151989791588	-0.574151989791588	0.000000e+00
0.500000	4.906422700787532	4.906422700787544	1.243450e-14
1.000000	10.689098902594719	10.689098902594736	1.776357e-14
1.500000	16.790529125309561	16.790529125309874	3.126388e-13
2.000000	23.228283802114063	23.228283802119847	5.783818e-12
2.500000	30.020901887656972	30.020901887711204	5.423217e-11
3.000000	37.187944244999784	37.187944245337349	3.375646e-10


Maturity : 0.250000
Rho : 1.000000e-10
Order : 9
Epsilon		Approx variations		Variations			Error
-3.000000	-27.941924438551187	-27.941924438560534	9.347190e-12
-2.500000	-23.969922458417088	-23.969922458418353	1.264766e-12
-2.000000	-19.778974862433159	-19.778974862433273	1.136868e-13
-1.500000	-15.357012879507879	-15.357012879507877	1.776357e-15
-1.000000	-10.691302480940761	-10.691302480940763	1.776357e-15
-0.500000	-5.768407709942304	-5.768407709942309	5.329071e-15
0.000000	-0.574151989791588	-0.574151989791588	0.000000e+00
0.500000	4.906422700787532	4.906422700787544	1.243450e-14
1.000000	10.689098902594724	10.689098902594736	1.243450e-14
1.500000	16.790529125309881	16.790529125309874	7.105427e-15
2.000000	23.228283802119748	23.228283802119847	9.947598e-14
2.500000	30.020901887709897	30.020901887711204	1.307399e-12
3.000000	37.187944245327486	37.187944245337349	9.862333e-12


Maturity : 0.250000
Rho : 1.000000e-11
Order : 10
Epsilon		Approx variations		Variations			Error
-3.000000	-27.941924438560779	-27.941924438560534	2.451372e-13
-2.500000	-23.969922458418377	-23.969922458418353	2.486900e-14
-2.000000	-19.778974862433270	-19.778974862433273	3.552714e-15
-1.500000	-15.357012879507884	-15.357012879507877	7.105427e-15
-1.000000	-10.691302480940761	-10.691302480940763	1.776357e-15
-0.500000	-5.768407709942304	-5.768407709942309	5.329071e-15
0.000000	-0.574151989791588	-0.574151989791588	0.000000e+00
0.500000	4.906422700787532	4.906422700787544	1.243450e-14
1.000000	10.689098902594724	10.689098902594736	1.243450e-14
1.500000	16.790529125309885	16.790529125309874	1.065814e-14
2.000000	23.228283802119858	23.228283802119847	1.065814e-14
2.500000	30.020901887711187	30.020901887711204	1.776357e-14
3.000000	37.187944245337079	37.187944245337349	2.700062e-13


Maturity : 0.250000
Rho : 1.000000e-12
Order : 11
Epsilon		Approx variations		Variations			Error
-3.000000	-27.941924438560779	-27.941924438560534	2.451372e-13
-2.500000	-23.969922458418377	-23.969922458418353	2.486900e-14
-2.000000	-19.778974862433270	-19.778974862433273	3.552714e-15
-1.500000	-15.357012879507884	-15.357012879507877	7.105427e-15
-1.000000	-10.691302480940761	-10.691302480940763	1.776357e-15
-0.500000	-5.768407709942304	-5.768407709942309	5.329071e-15
0.000000	-0.574151989791588	-0.574151989791588	0.000000e+00
0.500000	4.906422700787532	4.906422700787544	1.243450e-14
1.000000	10.689098902594724	10.689098902594736	1.243450e-14
1.500000	16.790529125309885	16.790529125309874	1.065814e-14
2.000000	23.228283802119858	23.228283802119847	1.065814e-14
2.500000	30.020901887711187	30.020901887711204	1.776357e-14
3.000000	37.187944245337079	37.187944245337349	2.700062e-13


Maturity : 0.250000
Rho : 1.000000e-13
Order : 11
Epsilon		Approx variations		Variations			Error
-3.000000	-27.941924438560523	-27.941924438560534	1.065814e-14
-2.500000	-23.969922458418349	-23.969922458418353	3.552714e-15
-2.000000	-19.778974862433266	-19.778974862433273	7.105427e-15
-1.500000	-15.357012879507884	-15.357012879507877	7.105427e-15
-1.000000	-10.691302480940761	-10.691302480940763	1.776357e-15
-0.500000	-5.768407709942304	-5.768407709942309	5.329071e-15
0.000000	-0.574151989791588	-0.574151989791588	0.000000e+00
0.500000	4.906422700787532	4.906422700787544	1.243450e-14
1.000000	10.689098902594724	10.689098902594736	1.243450e-14
1.500000	16.790529125309885	16.790529125309874	1.065814e-14
2.000000	23.228283802119861	23.228283802119847	1.421085e-14
2.500000	30.020901887711215	30.020901887711204	1.065814e-14
3.000000	37.187944245337334	37.187944245337349	1.421085e-14


Maturity : 0.250000
Rho : 1.000000e-14
Order : 12
Epsilon		Approx variations		Variations			Error
-3.000000	-27.941924438560523	-27.941924438560534	1.065814e-14
-2.500000	-23.969922458418349	-23.969922458418353	3.552714e-15
-2.000000	-19.778974862433266	-19.778974862433273	7.105427e-15
-1.500000	-15.357012879507884	-15.357012879507877	7.105427e-15
-1.000000	-10.691302480940761	-10.691302480940763	1.776357e-15
-0.500000	-5.768407709942304	-5.768407709942309	5.329071e-15
0.000000	-0.574151989791588	-0.574151989791588	0.000000e+00
0.500000	4.906422700787532	4.906422700787544	1.243450e-14
1.000000	10.689098902594724	10.689098902594736	1.243450e-14
1.500000	16.790529125309885	16.790529125309874	1.065814e-14
2.000000	23.228283802119861	23.228283802119847	1.421085e-14
2.500000	30.020901887711215	30.020901887711204	1.065814e-14
3.000000	37.187944245337334	37.187944245337349	1.421085e-14
